1403715279.212143 0.040000745 -0.016005877 -0.003556597 0.043230743
1403715279.712143 0.036325596 -0.017349661 -0.002142967 0.040313173
1403715280.112143 0.033141037 -0.018064301 -0.005757285 0.038181064
1403715280.562143 0.035751842 -0.020984556 -0.002976077 0.041562036
1403715281.062143 0.035142938 -0.035743996 -0.002310733 0.050179666
1403715281.562143 0.029646214 -0.048806238 -0.004963470 0.057320005
1403715282.062143 0.014794504 -0.071571193 -0.008825474 0.073615229
1403715282.562143 -0.005656716 -0.088437412 -0.006994093 0.088893710
1403715283.062143 -0.023998551 -0.095790970 -0.000797247 0.098754625
1403715283.512143 -0.041913239 -0.099628754 0.000884048 0.108089730
1403715284.012143 -0.055534093 -0.101883190 0.002541515 0.116063255
1403715284.462143 -0.055456169 -0.100372308 -0.000515884 0.114674553
1403715284.962143 -0.059766422 -0.105739279 0.005236314 0.121574007
1403715285.462143 -0.074786220 -0.097929839 0.006753458 0.123405192
1403715285.962143 -0.084359845 -0.098832463 0.003367337 0.129983761
1403715287.562143 -0.092356715 -0.095447815 0.000687354 0.132817622
1403715287.712143 -0.095108638 -0.091045644 -0.002297355 0.131682346
1403715288.062143 -0.113260092 -0.083834779 -0.003004550 0.140943768
1403715289.212143 -0.125805191 -0.064066715 -0.010915771 0.141600297
1403715290.962143 -0.126880401 -0.055123099 -0.003607560 0.138384271
1403715291.212143 -0.125508812 -0.055994006 -0.006623076 0.137592354
1403715291.962143 -0.137186722 -0.032756713 -0.008178441 0.141280168
1403715294.712143 -0.026059148 -0.054501142 0.001324060 0.060425216
1403715297.212143 0.039647426 -0.001517627 0.001656304 0.039711018
1403715299.062143 0.046651419 0.064113511 0.006105538 0.079524681
1403715302.062143 0.024599214 0.098702067 0.012237842 0.102454791
1403715304.912143 -0.001630396 0.122771176 0.012882540 0.123455982
1403715305.312143 -0.001915289 0.121151470 0.012562599 0.121816115
1403715306.162143 -0.004560366 0.123402695 0.010346034 0.123919581
1403715308.812143 0.059005142 0.064127107 0.005462226 0.087313965
1403715310.062143 0.058322410 0.078544818 0.007589371 0.098124363
1403715312.412143 0.060383344 0.067162440 -0.001925413 0.090336309
1403715315.112143 0.048271637 0.060215781 -0.002101587 0.077204325
1403715317.762143 -0.016116306 -0.008011333 -0.001062423 0.018029019
1403715318.162143 -0.030787798 -0.010840718 -0.001333794 0.032667854
1403715318.562143 -0.047927634 -0.013479347 -0.000320659 0.049788088
1403715318.962143 -0.063395199 -0.009690796 -0.004188689 0.064268249
1403715319.262143 -0.074537046 -0.013281992 0.002862206 0.075765261
1403715320.562143 -0.104583673 0.012580836 0.006802593 0.105557081
1403715320.812143 -0.110619527 0.022266926 0.005187261 0.112957529
1403715321.262143 -0.118280230 0.035759047 -0.000444419 0.123568280
1403715321.662143 -0.122543367 0.037332580 -0.000171027 0.128103971
1403715321.862143 -0.126297194 0.034633481 0.004119304 0.131024531
1403715322.612143 -0.132909450 0.061192949 -0.009201501 0.146608890
1403715322.962143 -0.133945315 0.056384907 -0.004340883 0.145394114
1403715323.712143 -0.128337397 0.045485060 0.004035217 0.136219166
1403715325.412143 -0.113566195 0.044986836 -0.002665805 0.122181024
1403715325.812143 -0.109139266 0.041427815 -0.007850208 0.117001150
1403715326.062143 -0.111600583 0.042614097 -0.006796381 0.119653007
1403715326.512143 -0.120636218 0.041899311 0.001093106 0.127710001
1403715327.312143 -0.111396535 0.039147270 -0.004892437 0.118176278
1403715327.712143 -0.115053949 0.036065029 -0.005147805 0.120683874
1403715328.112143 -0.112722794 0.019977279 -0.001468998 0.114488768
1403715328.512143 -0.113994898 0.010865249 0.004610023 0.114604287
1403715328.912143 -0.102355950 0.004438498 -0.001856583 0.102468959
1403715330.562143 -0.082213058 -0.032115631 0.005927090 0.088462031
1403715331.012143 -0.071204356 -0.039062418 0.008301210 0.081638489
1403715331.412143 -0.063258717 -0.041064743 0.008129505 0.075855568
1403715332.062143 -0.061995007 -0.043369220 -0.003466214 0.075738264
1403715334.662143 -0.013109664 -0.048754133 -0.006148912 0.050859000
1403715335.012143 -0.010278355 -0.048579047 -0.006129595 0.050031393
1403715335.412143 -0.004083241 -0.048276680 -0.006489189 0.048881697
1403715336.862143 0.024654084 -0.040466049 -0.005821245 0.047741092
1403715337.062143 0.026172595 -0.041584509 -0.004692201 0.049358818
1403715337.412143 0.036598613 -0.035206710 -0.008842388 0.051547636
1403715337.712143 0.044905293 -0.033135436 -0.008594298 0.056465072
1403715338.112143 0.045130121 -0.032663205 -0.008409591 0.056341228
1403715338.562143 0.055979233 -0.025609859 -0.007098299 0.061967131
1403715339.762143 0.070543623 -0.008918946 -0.009871340 0.071787142
1403715340.162143 0.073765894 -0.004126874 -0.004637848 0.074026670
1403715340.562143 0.095268647 0.017736149 -0.006763884 0.097141321
1403715341.012143 0.098391729 0.026766805 -0.010604051 0.102517511
1403715341.812143 0.086588601 0.017772757 -0.007120803 0.088680113
1403715342.262143 0.085849517 0.029401047 -0.015711070 0.092094510
1403715342.662143 0.088833807 0.032277561 -0.013454852 0.095468944
1403715343.062143 0.096993492 0.041099975 -0.011921375 0.106014455
1403715343.512143 0.091444503 0.042274348 -0.014540836 0.101787295
1403715343.912143 0.085467879 0.039903554 -0.011601387 0.095034963
1403715344.762143 0.082800863 0.047494433 -0.007663461 0.095762376
1403715347.212143 0.041189744 0.015747551 -0.004671797 0.044344178
1403715349.762143 0.045700616 0.052283153 0.002456681 0.069484601
1403715350.162143 0.040820746 0.067112660 0.002259637 0.078584658
1403715351.812143 0.037528700 0.080915869 0.012656764 0.090088705
1403715353.662143 0.015916946 0.080476698 0.009042562 0.082532515
1403715354.512143 0.007418927 0.077837860 0.007898907 0.078588584
1403715354.912143 0.008734733 0.077749269 0.015475864 0.079754290
1403715355.812143 -0.007806061 0.094762092 0.013836400 0.096084519
1403715356.262143 -0.006914067 0.092253675 0.013135672 0.093440306
1403715357.412143 -0.031848369 0.096456546 0.011528312 0.102230552
1403715357.812143 -0.033830317 0.093788658 0.007835786 0.100011011
1403715358.262143 -0.042874345 0.087483554 0.005876987 0.097601848
1403715358.612143 -0.050062226 0.090269169 0.011669243 0.103879356
1403715359.562143 -0.061490572 0.081838016 0.022063046 0.104715468
1403715359.912143 -0.062104868 0.075104107 0.020343061 0.099556425
1403715360.112143 -0.062401730 0.070702666 0.016285703 0.095697790
1403715360.412143 -0.060552069 0.068728109 0.015151555 0.092842209
1403715360.562143 -0.058270080 0.065896699 0.014987892 0.089232360
1403715361.012143 -0.024792543 0.052276854 0.015379641 0.059867128
1403715361.712143 0.002506571 0.024384871 0.009180120 0.026175932
1403715361.962143 0.005809304 0.016077597 0.006058552 0.018136791
1403715362.162143 0.011512800 0.006193286 0.007857379 0.015252533
1403715362.762143 0.016596273 -0.033005151 0.009933886 0.038255174
1403715363.062143 0.017227748 -0.040564564 0.012284253 0.045751306
1403715363.512143 0.011856748 -0.068661207 0.007391030 0.070068332
1403715364.562143 -0.005083668 -0.106216425 -0.001680019 0.106351282
1403715365.012143 -0.008162322 -0.110028886 -0.006026331 0.110495683
1403715365.412143 -0.010067485 -0.110229789 -0.003845647 0.110755359
1403715365.812143 -0.017517249 -0.109957914 -0.008211428 0.111646873
1403715367.062143 -0.018871279 -0.107374405 -0.013775950 0.109887055
1403715367.912143 -0.005814793 -0.106131258 -0.011820088 0.106945642
1403715369.162143 0.007951075 -0.089537608 -0.015148588 0.091157460
1403715370.412143 0.048216109 -0.057812487 -0.008744917 0.075786215
1403715370.812143 0.052699847 -0.054826200 -0.010646448 0.076788885
1403715372.912143 0.063349919 -0.016726315 -0.006479978 0.065840504
1403715374.162143 0.071720462 0.022314582 -0.009902031 0.075761570
1403715376.662143 0.054973019 0.051850423 -0.007541828 0.075943258
1403715377.162143 0.049857878 0.052087075 -0.002753359 0.072155751
1403715377.362143 0.045497628 0.052045708 -0.002549969 0.069175806
1403715377.562143 0.046002050 0.054223142 -0.001405925 0.071121828
1403715379.012143 0.037920890 0.037949527 -0.005620474 0.053942100
1403715380.062143 0.045422073 0.025738596 0.000396403 0.052209168
1403715380.812143 0.036537773 0.020174804 -0.002131134 0.041792024
1403715382.262143 0.024620093 -0.019071900 -0.010544630 0.032879713
1403715384.362143 -0.024237978 -0.088735677 -0.005569585 0.092154871
1403715387.262143 -0.061470579 -0.093210216 -0.010023138 0.112103701
1403715388.912143 -0.036201483 -0.091869897 -0.007365769 0.099019593
1403715389.562143 -0.025774940 -0.086757072 -0.004552063 0.090619304
1403715390.012143 -0.009399664 -0.079173245 -0.008512382 0.080182399
1403715390.812143 0.025463124 -0.061559651 -0.009146040 0.067242928
1403715392.312143 0.046479177 -0.025314990 -0.002302203 0.052976058
1403715392.762143 0.059565974 -0.009552866 0.003197227 0.060411794
1403715393.412143 0.068419296 0.029971112 -0.001950007 0.074721283
1403715393.662143 0.071547935 0.047666634 -0.001114254 0.085979396
1403715394.062143 0.065198016 0.079786021 -0.005093100 0.103162639
1403715394.462143 0.057826998 0.106378313 -0.001827060 0.121093540
1403715395.312143 0.011200245 0.144285994 -0.002535891 0.144742268
1403715395.762143 -0.008898353 0.151393503 -0.003597384 0.151697445
1403715396.162143 -0.022566861 0.151152517 -0.001254601 0.152832982
1403715396.562143 -0.015075228 0.151735583 0.003615736 0.152525484
1403715397.162143 -0.023227854 0.142099134 -0.003773429 0.144034496
1403715397.562143 -0.030440404 0.140505925 -0.002482582 0.143786982
1403715398.812143 -0.022247011 0.140051580 0.014601310 0.142557262
1403715399.262143 -0.027677993 0.134773129 0.014956906 0.138396447
1403715400.062143 -0.023842339 0.122179803 0.005768089 0.124617945
1403715400.562143 -0.000713215 0.121703267 0.005066219 0.121810757
1403715400.862143 0.009918378 0.115608717 0.001832101 0.116047861
1403715401.112143 0.017275898 0.110219241 -0.000930945 0.111568833
1403715401.362143 0.027198985 0.103823018 0.000247292 0.107326907
1403715401.612143 0.031068399 0.105896026 0.003779392 0.110424172
1403715401.812143 0.033734547 0.107605039 0.005876854 0.112922103
1403715402.112143 0.042478726 0.101857024 0.007817885 0.110636408
1403715402.312143 0.047195680 0.101828188 0.008158645 0.112529887
1403715402.562143 0.057481484 0.087983711 0.006985030 0.105328273
1403715402.962143 0.055709264 0.078837992 0.002049123 0.096556460
1403715403.162143 0.051876597 0.072395012 -0.002966148 0.089112385
1403715403.562143 0.062101711 0.064539356 -0.002117418 0.089590370
1403715403.762143 0.065664806 0.056406278 -0.004841638 0.086700498
1403715404.062143 0.072926767 0.042763417 -0.005514842 0.084719754
1403715404.262143 0.081636995 0.031034505 -0.002867966 0.087384007
1403715404.562143 0.084873207 0.019891298 -0.001448979 0.087185001
1403715404.962143 0.077274705 0.015107882 -0.000635699 0.078740284
1403715405.262143 0.075390251 0.000511165 -0.000389687 0.075392991
1403715405.662143 0.070465671 -0.035027800 -0.003391689 0.078764593
1403715405.862143 0.065776251 -0.050729371 -0.004042217 0.083164439
1403715406.162143 0.060719706 -0.067629899 -0.000536221 0.090889897
1403715406.412143 0.052527897 -0.080476418 -0.001449320 0.096113133
1403715406.712143 0.040091635 -0.090949718 -0.001586583 0.099406778
1403715406.962143 0.028666052 -0.102242262 0.001159005 0.106191177
1403715407.162143 0.018660375 -0.108232474 0.001464421 0.109839076
1403715407.262143 0.013298042 -0.107964545 0.000965295 0.108784708
1403715407.412143 0.007080295 -0.108208309 -0.000069284 0.108439722
1403715407.512143 0.005855146 -0.109633305 0.001032614 0.109794401
1403715407.612143 0.005767238 -0.111280089 0.002175502 0.111450671
1403715407.762143 0.003304497 -0.113771465 0.005511261 0.113952797
1403715407.862143 0.003312614 -0.114383480 0.006657120 0.114624915
1403715407.962143 0.004240138 -0.113582007 0.007462123 0.113905813
1403715408.062143 0.004160664 -0.112026538 0.008838275 0.112451640
1403715408.162143 0.003301530 -0.110679707 0.010664634 0.111241323
1403715410.812143 0.028403299 -0.065376771 0.000940168 0.071286419
1403715412.762143 0.021343195 -0.060782803 -0.003202315 0.064500666
1403715413.912143 0.022957271 -0.062653601 -0.002305529 0.066766949
1403715414.112143 0.022781031 -0.063313670 -0.000263784 0.067287931
1403715414.262143 0.019974013 -0.061462929 -0.001035833 0.064635329
1403715414.662143 0.023453951 -0.062823241 -0.002903979 0.067121386
1403715414.862143 0.025899565 -0.060874680 -0.003175410 0.066231393
1403715415.062143 0.027109561 -0.058671606 -0.003722052 0.064739009
1403715415.162143 0.027571697 -0.058219291 -0.002255918 0.064457532
1403715415.362143 0.025224780 -0.064114016 -0.000711728 0.068901401
1403715415.562143 0.021783655 -0.069830903 0.001728663 0.073170150
1403715415.762143 0.021674625 -0.070657200 0.005393988 0.074103471
1403715416.162143 0.020966969 -0.071479345 0.003874739 0.074591717
1403715416.562143 0.020850469 -0.071369286 0.003112454 0.074417769
1403715417.012143 0.020806199 -0.070659398 0.002755618 0.073710528
1403715417.412143 0.021258269 -0.070858665 0.003090344 0.074043329
1403715417.812143 0.021415794 -0.070740332 0.003315818 0.073985305
total average error : 0.090826482
