1403715279.205380 0.875890493 2.223227501 1.198440194
1403715279.705478 0.909702063 2.238113880 1.190953135
1403715280.105510 0.922569692 2.236084223 1.244296670
1403715280.555426 0.971786320 2.260236263 1.319142580
1403715281.055491 1.061676264 2.330390215 1.381758571
1403715281.555601 1.159409046 2.396664858 1.410950780
1403715282.055567 1.280435205 2.458770037 1.391653419
1403715282.555548 1.438604832 2.515074015 1.335194349
1403715283.055643 1.634426355 2.564111471 1.260605931
1403715283.505427 1.795150518 2.608215570 1.199744940
1403715284.005559 1.928905368 2.637993336 1.148183703
1403715284.455564 2.024328470 2.625328064 1.105475783
1403715284.955440 2.097757101 2.563113928 1.077988744
1403715285.455694 2.147694826 2.531037807 1.112563848
1403715285.955647 2.115301609 2.489373684 1.302709341
1403715287.555519 1.993391156 2.033148289 1.587222695
1403715287.705651 1.995741606 1.986790776 1.610322118
1403715288.055677 1.981618762 1.895769835 1.672392011
1403715289.205565 1.828334332 1.790191412 1.660978675
1403715290.955639 1.682997108 1.363509893 1.489133954
1403715291.205750 1.657017827 1.256187797 1.492519855
1403715291.955775 1.455394268 1.042469978 1.429490089
1403715294.705633 0.666439652 0.275400519 1.570613265
1403715297.205782 0.141040310 0.039593484 1.241838336
1403715299.055783 0.361415446 -0.624927461 1.205807090
1403715302.055765 0.640678048 -0.482311010 1.213182092
1403715304.905856 -0.076117940 -0.361188054 1.028138399
1403715305.305875 -0.125307128 -0.380102485 1.054979444
1403715306.156016 -0.188716203 -0.406246752 1.306894302
1403715308.805915 -0.057581108 -0.972270250 1.195269942
1403715310.056007 0.260085493 -1.075777650 1.286172390
1403715312.406039 0.711160362 -1.885983229 1.386152744
1403715315.106080 0.933044016 -1.913887858 1.622649789
1403715317.756099 1.133474708 -1.222844481 1.353911281
1403715318.156075 1.199873567 -1.145425797 1.310089469
1403715318.556227 1.189243555 -1.111593723 1.265322447
1403715318.956114 1.154071569 -1.146986365 1.219046950
1403715319.256320 1.148093820 -1.241688490 1.187638044
1403715320.556129 1.458050489 -1.906240225 1.368696809
1403715320.806141 1.555775642 -2.004851341 1.418028831
1403715321.256190 1.658570290 -2.067671776 1.475968719
1403715321.656213 1.636123896 -2.019407272 1.507210732
1403715321.856200 1.591284990 -1.964084268 1.522564292
1403715322.606160 1.297912121 -1.590428472 1.551041603
1403715322.956239 1.116724849 -1.446559429 1.484870195
1403715323.706303 0.665687978 -1.429046750 1.496644258
1403715325.406211 0.571078181 -1.491020203 1.696320653
1403715325.806216 0.621076405 -1.421607852 1.700217843
1403715326.056318 0.622407854 -1.355334044 1.695313692
1403715326.506259 0.582311153 -1.222571135 1.656926870
1403715327.306369 0.620406628 -0.945211411 1.582538843
1403715327.706228 0.589594603 -0.749869883 1.557431936
1403715328.106268 0.493356854 -0.545554042 1.521983385
1403715328.506301 0.410023689 -0.366801411 1.501699448
1403715328.906371 0.398523331 -0.222987235 1.490011454
1403715330.556288 0.476911038 -0.038758408 1.271491170
1403715331.006294 0.467291594 -0.039019812 1.343955517
1403715331.406310 0.403701037 -0.013104032 1.448142767
1403715332.056474 0.240269065 0.030391833 1.644278646
1403715334.656442 -0.917895854 -0.061108943 1.664806724
1403715335.006416 -1.088477015 -0.100857481 1.663389564
1403715335.406427 -1.261713743 -0.171131030 1.655580997
1403715336.856405 -1.737380385 -0.552936137 1.622117519
1403715337.056504 -1.783621192 -0.606526971 1.633189440
1403715337.406496 -1.844509363 -0.707709432 1.667464375
1403715337.706591 -1.891766787 -0.814132869 1.688930750
1403715338.106462 -1.952995539 -0.979972839 1.714988708
1403715338.556490 -2.029680729 -1.173997164 1.738982916
1403715339.756588 -2.261465311 -1.717115164 1.747054100
1403715340.156491 -2.264590502 -1.859808326 1.703138232
1403715340.556456 -2.180937052 -1.934154034 1.742993474
1403715341.006521 -2.041565657 -2.005374432 1.787513137
1403715341.806572 -1.799442530 -2.218777657 1.856483102
1403715342.256685 -1.674362063 -2.262789965 1.880818725
1403715342.656697 -1.544296026 -2.303218365 1.880962729
1403715343.056538 -1.370778561 -2.344856739 1.880428672
1403715343.506664 -1.147261024 -2.376652718 1.855250835
1403715343.906619 -0.922767460 -2.397873640 1.830926418
1403715344.756611 -0.453559637 -2.269933224 1.792723179
1403715347.206628 0.276728809 -0.627315760 1.691699982
1403715349.756762 0.717525065 -0.220619753 1.423555374
1403715350.156710 0.743081510 -0.369186401 1.347719073
1403715351.806737 1.044512391 -0.188540578 1.191339374
1403715353.656801 1.233391881 0.560678184 1.358422160
1403715354.506824 1.234278560 0.685410917 1.213888645
1403715354.906839 1.267933488 0.730202079 1.222648382
1403715355.806785 1.427770615 0.813324094 1.424856067
1403715356.256879 1.500755548 0.862977743 1.486841321
1403715357.406921 1.607341528 1.252080679 1.567913651
1403715357.806762 1.668893337 1.424595237 1.617832780
1403715358.256965 1.661564469 1.653898120 1.621667147
1403715358.606817 1.597395062 1.874550343 1.607386231
1403715359.556720 1.326138258 2.408033133 1.532136321
1403715359.907013 1.199702501 2.508198738 1.535043716
1403715360.106841 1.120852470 2.547568560 1.545558095
1403715360.407007 1.006581664 2.591778994 1.559195280
1403715360.556925 0.960147440 2.610337019 1.566077948
1403715361.006917 0.882929564 2.649410725 1.602766633
1403715361.706967 0.821479023 2.720280647 1.648144960
1403715361.956887 0.795906186 2.773527622 1.638797402
1403715362.156946 0.778754890 2.832122564 1.622789979
1403715362.756932 0.758671224 3.099800587 1.559161901
1403715363.056840 0.763647199 3.253457308 1.545528173
1403715363.506939 0.783948958 3.356511593 1.571555972
1403715364.557049 0.761674464 3.176874638 1.689104080
1403715365.006876 0.687292695 3.043872833 1.766228080
1403715365.407036 0.625643909 2.944337845 1.828352690
1403715365.806884 0.570275247 2.888709545 1.875169158
1403715367.056943 0.086257115 2.693449020 1.927355528
1403715367.907058 -0.208439514 2.332660675 1.985537052
1403715369.157089 -0.682333350 1.531706929 1.984843969
1403715370.407096 -1.021502495 0.772591174 1.958133459
1403715370.806989 -1.023573756 0.564466536 1.952292562
1403715372.907132 -0.564626336 -0.840084493 1.934325337
1403715374.157196 -0.249735788 -1.606101394 1.982149720
1403715376.657334 0.809664071 -1.651923776 1.892757058
1403715377.157380 0.911347866 -1.494438529 1.839864254
1403715377.357358 0.920276463 -1.410567164 1.822081923
1403715377.557376 0.910460532 -1.318213224 1.805791140
1403715379.007173 0.617711663 -0.592355609 1.711604595
1403715380.057481 0.672113359 -0.093169749 1.786981225
1403715380.807478 0.766707838 0.441664666 1.831970215
1403715382.257462 0.731089830 1.490396023 1.844300508
1403715384.357381 1.430969954 2.546115160 1.735844135
1403715387.257508 1.373811483 2.062412024 1.819651365
1403715388.907456 0.242828920 1.498816967 1.669243813
1403715389.557487 -0.153166562 1.200070977 1.709705591
1403715390.007305 -0.378965318 1.008996129 1.723945022
1403715390.807414 -0.613681078 0.593664527 1.667544961
1403715392.307495 -0.338422209 -0.531922281 1.744215727
1403715392.757583 -0.183043957 -0.940360606 1.830215812
1403715393.407833 -0.001697854 -1.403793454 1.881497860
1403715393.657578 0.059044883 -1.514768004 1.883104682
1403715394.057529 0.126276091 -1.612097383 1.876258612
1403715394.457426 0.170648277 -1.655646324 1.864014030
1403715395.307722 0.121105336 -1.655781269 1.843134880
1403715395.757507 0.034723192 -1.598151565 1.796927810
1403715396.157558 -0.052761875 -1.509331584 1.735153556
1403715396.557501 -0.106592394 -1.400688291 1.690737009
1403715397.157675 -0.187427700 -1.239011407 1.603786111
1403715397.557521 -0.230333939 -1.065617681 1.531559587
1403715398.807538 -0.065540567 -0.411800116 1.425783038
1403715399.257615 -0.070378050 -0.384891987 1.406537175
1403715400.057620 -0.299442023 -0.563435435 1.416376233
1403715400.557543 -0.584054053 -0.585433900 1.455366373
1403715400.857786 -0.804335415 -0.543836296 1.464030743
1403715401.107589 -0.982166767 -0.474146992 1.460781097
1403715401.357729 -1.131739020 -0.366454571 1.465855002
1403715401.607727 -1.250266075 -0.220812529 1.483841181
1403715401.807689 -1.323512316 -0.089998968 1.504602432
1403715402.107722 -1.400672913 0.102072068 1.529956818
1403715402.307710 -1.440959096 0.213575080 1.542170048
1403715402.557638 -1.500933290 0.340941221 1.548150659
1403715402.957603 -1.647684693 0.516936004 1.553398728
1403715403.157779 -1.727055550 0.598691642 1.558376431
1403715403.557719 -1.822717667 0.769371212 1.580824018
1403715403.757749 -1.833845496 0.868898451 1.589419961
1403715404.057730 -1.803998709 1.032516479 1.603917122
1403715404.257648 -1.756915331 1.149832010 1.616916537
1403715404.557753 -1.671154380 1.343214512 1.624015212
1403715404.957710 -1.572294354 1.629904270 1.604518652
1403715405.257773 -1.515670776 1.833231449 1.580069065
1403715405.657744 -1.443437099 2.043051481 1.547588587
1403715405.857821 -1.397757173 2.126951694 1.531673312
1403715406.157935 -1.310430408 2.240071297 1.497546792
1403715406.407703 -1.226939797 2.326351166 1.457019925
1403715406.707730 -1.124739766 2.403466702 1.398298621
1403715406.957774 -1.039895296 2.438048601 1.348882437
1403715407.157917 -0.972093880 2.447468042 1.317131758
1403715407.257919 -0.937247038 2.444358349 1.303110480
1403715407.407721 -0.881087899 2.430851460 1.287330270
1403715407.507749 -0.841346085 2.414386272 1.279654503
1403715407.607765 -0.798974872 2.392050982 1.274358153
1403715407.757810 -0.727515757 2.350612640 1.271966219
1403715407.857729 -0.677084148 2.319662094 1.273577213
1403715407.957737 -0.624021530 2.287412882 1.277311802
1403715408.057741 -0.567219079 2.254667759 1.289268732
1403715408.157745 -0.507761180 2.222465992 1.313146830
1403715410.807797 0.365463138 1.847606301 1.568152308
1403715412.757900 0.456394553 1.962625027 1.465290427
1403715413.907957 0.402453452 2.001430035 1.264892220
1403715414.107760 0.384836495 2.008132935 1.225498915
1403715414.257896 0.375015736 2.016101599 1.226428509
1403715414.657858 0.385586768 2.044522524 1.238868117
1403715414.857902 0.408663481 2.059922695 1.214677334
1403715415.057834 0.429860234 2.071129084 1.176494956
1403715415.158102 0.436401784 2.071812153 1.154426932
1403715415.357880 0.442624092 2.066864252 1.119721174
1403715415.557928 0.441961825 2.057555676 1.101607561
1403715415.757846 0.439177901 2.053623915 1.076923013
1403715416.157913 0.442473948 2.063091040 1.080931664
1403715416.558084 0.442925245 2.062218189 1.079071522
1403715417.007904 0.442988515 2.061379194 1.078413606
1403715417.407935 0.442584902 2.061448812 1.077808142
1403715417.807901 0.442428470 2.061370373 1.077490926
