1403715279.212143 0.915891238 2.207221624 1.194883597
1403715279.712143 0.946027659 2.220764219 1.188810168
1403715280.112143 0.955710729 2.218019922 1.238539385
1403715280.562143 1.007538162 2.239251707 1.316166503
1403715281.062143 1.096819202 2.294646219 1.379447838
1403715281.562143 1.189055260 2.347858620 1.405987310
1403715282.062143 1.295229709 2.387198844 1.382827945
1403715282.562143 1.432948116 2.426636603 1.328200256
1403715283.062143 1.610427804 2.468320501 1.259808684
1403715283.512143 1.753237279 2.508586816 1.200628988
1403715284.012143 1.873371275 2.536110146 1.150725218
1403715284.462143 1.968872301 2.524955756 1.104959899
1403715284.962143 2.037990679 2.457374649 1.083225058
1403715285.462143 2.072908606 2.433107968 1.119317306
1403715285.962143 2.030941764 2.390541221 1.306076678
1403715287.562143 1.901034441 1.937700474 1.587910049
1403715287.712143 1.900632968 1.895745132 1.608024763
1403715288.062143 1.868358670 1.811935056 1.669387461
1403715289.212143 1.702529141 1.726124697 1.650062904
1403715290.962143 1.556116707 1.308386794 1.485526394
1403715291.212143 1.531509015 1.200193791 1.485896779
1403715291.962143 1.318207546 1.009713265 1.421311648
1403715294.712143 0.640380504 0.220899377 1.571937325
1403715297.212143 0.180687736 0.038075857 1.243494640
1403715299.062143 0.408066865 -0.560813950 1.211912628
1403715302.062143 0.665277262 -0.383608943 1.225419934
1403715304.912143 -0.077748336 -0.238416878 1.041020939
1403715305.312143 -0.127222417 -0.258951015 1.067542043
1403715306.162143 -0.193276569 -0.282844057 1.317240336
1403715308.812143 0.001424034 -0.908143143 1.200732168
1403715310.062143 0.318407903 -0.997232832 1.293761761
1403715312.412143 0.771543706 -1.818820789 1.384227331
1403715315.112143 0.981315653 -1.853672077 1.620548202
1403715317.762143 1.117358402 -1.230855814 1.352848858
1403715318.162143 1.169085769 -1.156266515 1.308755675
1403715318.562143 1.141315921 -1.125073070 1.265001788
1403715318.962143 1.090676370 -1.156677161 1.214858261
1403715319.262143 1.073556774 -1.254970482 1.190500250
1403715320.562143 1.353466816 -1.893659389 1.375499402
1403715320.812143 1.445156115 -1.982584415 1.423216092
1403715321.262143 1.540290060 -2.031912729 1.475524300
1403715321.662143 1.513580529 -1.982074692 1.507039705
1403715321.862143 1.464987796 -1.929450787 1.526683596
1403715322.612143 1.165002671 -1.529235523 1.541840102
1403715322.962143 0.982779534 -1.390174522 1.480529312
1403715323.712143 0.537350581 -1.383561690 1.500679475
1403715325.412143 0.457511986 -1.446033367 1.693654848
1403715325.812143 0.511937139 -1.380180037 1.692367635
1403715326.062143 0.510807271 -1.312719947 1.688517311
1403715326.512143 0.461674935 -1.180671824 1.658019976
1403715327.312143 0.509010093 -0.906064141 1.577646406
1403715327.712143 0.474540654 -0.713804854 1.552284131
1403715328.112143 0.380634060 -0.525576763 1.520514387
1403715328.512143 0.296028791 -0.355936162 1.506309471
1403715328.912143 0.296167381 -0.218548737 1.488154871
1403715330.562143 0.394697980 -0.070874039 1.277418260
1403715331.012143 0.396087238 -0.078082230 1.352256727
1403715331.412143 0.340442320 -0.054168775 1.456272272
1403715332.062143 0.178274058 -0.012977387 1.640812432
1403715334.662143 -0.931005518 -0.109863076 1.658657812
1403715335.012143 -1.098755370 -0.149436528 1.657259969
1403715335.412143 -1.265796984 -0.219407710 1.649091808
1403715336.862143 -1.712726301 -0.593402186 1.616296274
1403715337.062143 -1.757448597 -0.648111480 1.628497239
1403715337.412143 -1.807910750 -0.742916142 1.658621987
1403715337.712143 -1.846861494 -0.847268305 1.680336452
1403715338.112143 -1.907865418 -1.012636044 1.706579117
1403715338.562143 -1.973701496 -1.199607023 1.731884617
1403715339.762143 -2.190921688 -1.726034110 1.737182760
1403715340.162143 -2.190824608 -1.863935200 1.698500384
1403715340.562143 -2.085668405 -1.916417885 1.736229590
1403715341.012143 -1.943173928 -1.978607627 1.776909086
1403715341.812143 -1.712853929 -2.201004900 1.849362299
1403715342.262143 -1.588512546 -2.233388918 1.865107655
1403715342.662143 -1.455462219 -2.270940804 1.867507877
1403715343.062143 -1.273785069 -2.303756764 1.868507297
1403715343.512143 -1.055816521 -2.334378370 1.840709999
1403715343.912143 -0.837299581 -2.357970086 1.819325031
1403715344.762143 -0.370758774 -2.222438791 1.785059718
1403715347.212143 0.317918553 -0.611568209 1.687028185
1403715349.762143 0.763225681 -0.168336600 1.426012055
1403715350.162143 0.783902256 -0.302073741 1.349978710
1403715351.812143 1.082041091 -0.107624709 1.203996138
1403715353.662143 1.249308827 0.641154882 1.367464722
1403715354.512143 1.241697487 0.763248777 1.221787552
1403715354.912143 1.276668221 0.807951348 1.238124246
1403715355.812143 1.419964554 0.908086186 1.438692467
1403715356.262143 1.493841481 0.955231418 1.499976993
1403715357.412143 1.575493159 1.348537225 1.579441963
1403715357.812143 1.635063020 1.518383895 1.625668566
1403715358.262143 1.618690124 1.741381674 1.627544134
1403715358.612143 1.547332836 1.964819512 1.619055474
1403715359.562143 1.264647686 2.489871149 1.554199367
1403715359.912143 1.137597633 2.583302845 1.555386777
1403715360.112143 1.058450740 2.618271226 1.561843798
1403715360.412143 0.946029595 2.660507103 1.574346835
1403715360.562143 0.901877360 2.676233718 1.581065840
1403715361.012143 0.858137021 2.701687579 1.618146274
1403715361.712143 0.823985594 2.744665518 1.657325080
1403715361.962143 0.801715490 2.789605219 1.644855954
1403715362.162143 0.790267690 2.838315850 1.630647358
1403715362.762143 0.775267497 3.066795436 1.569095787
1403715363.062143 0.780874947 3.212892744 1.557812426
1403715363.512143 0.795805706 3.287850386 1.578947002
1403715364.562143 0.756590796 3.070658213 1.687424061
1403715365.012143 0.679130373 2.933843947 1.760201749
1403715365.412143 0.615576424 2.834108056 1.824507043
1403715365.812143 0.552757998 2.778751631 1.866957730
1403715367.062143 0.067385836 2.586074615 1.913579578
1403715367.912143 -0.214254307 2.226529417 1.973716964
1403715369.162143 -0.674382275 1.442169321 1.969695381
1403715370.412143 -0.973286386 0.714778687 1.949388542
1403715370.812143 -0.970873909 0.509640336 1.941646114
1403715372.912143 -0.501276417 -0.856810808 1.927845359
1403715374.162143 -0.178015326 -1.583786812 1.972247689
1403715376.662143 0.864637090 -1.600073353 1.885215230
1403715377.162143 0.961205744 -1.442351454 1.837110895
1403715377.362143 0.965774091 -1.358521456 1.819531954
1403715377.562143 0.956462582 -1.263990082 1.804385215
1403715379.012143 0.655632553 -0.554406082 1.705984121
1403715380.062143 0.717535432 -0.067431153 1.787377628
1403715380.812143 0.803245611 0.461839470 1.829839081
1403715382.262143 0.755709923 1.471324123 1.833755878
1403715384.362143 1.406731976 2.457379483 1.730274550
1403715387.262143 1.312340904 1.969201808 1.809628227
1403715388.912143 0.206627437 1.406947070 1.661878044
1403715389.562143 -0.178941502 1.113313905 1.705153528
1403715390.012143 -0.388364982 0.929822884 1.715432640
1403715390.812143 -0.588217954 0.532104876 1.658398921
1403715392.312143 -0.291943032 -0.557237271 1.741913524
1403715392.762143 -0.123477983 -0.949913472 1.833413039
1403715393.412143 0.066721442 -1.373822342 1.879547853
1403715393.662143 0.130592818 -1.467101370 1.881990428
1403715394.062143 0.191474107 -1.532311362 1.871165512
1403715394.462143 0.228475275 -1.549268011 1.862186970
1403715395.312143 0.132305581 -1.511495275 1.840598989
1403715395.762143 0.025824839 -1.446758062 1.793330426
1403715396.162143 -0.075328736 -1.358179067 1.733898955
1403715396.562143 -0.121667622 -1.248952708 1.694352745
1403715397.162143 -0.210655554 -1.096912273 1.600012682
1403715397.562143 -0.260774343 -0.925111756 1.529077005
1403715398.812143 -0.087787578 -0.271748536 1.440384348
1403715399.262143 -0.098056043 -0.250118858 1.421494081
1403715400.062143 -0.323284362 -0.441255632 1.422144322
1403715400.562143 -0.584767268 -0.463730633 1.460432592
1403715400.862143 -0.794417037 -0.428227579 1.465862844
1403715401.112143 -0.964890869 -0.363927751 1.459850152
1403715401.362143 -1.104540035 -0.262631553 1.466102294
1403715401.612143 -1.219197676 -0.114916503 1.487620573
1403715401.812143 -1.289777769 0.017606071 1.510479286
1403715402.112143 -1.358194187 0.203929092 1.537774703
1403715402.312143 -1.393763416 0.315403268 1.550328693
1403715402.562143 -1.443451806 0.428924932 1.555135689
1403715402.962143 -1.591975429 0.595773996 1.555447851
1403715403.162143 -1.675178953 0.671086654 1.555410283
1403715403.562143 -1.760615956 0.833910568 1.578706600
1403715403.762143 -1.768180690 0.925304729 1.584578323
1403715404.062143 -1.731071942 1.075279896 1.598402280
1403715404.262143 -1.675278336 1.180866515 1.614048571
1403715404.562143 -1.586281173 1.363105810 1.622566233
1403715404.962143 -1.495019649 1.645012152 1.603882953
1403715405.262143 -1.440280525 1.833742614 1.579679378
1403715405.662143 -1.372971428 2.008023681 1.544196898
1403715405.862143 -1.331980922 2.076222323 1.527631095
1403715406.162143 -1.249710702 2.172441398 1.497010571
1403715406.412143 -1.174411900 2.245874748 1.455570605
1403715406.712143 -1.084648131 2.312516984 1.396712038
1403715406.962143 -1.011229244 2.335806339 1.350041442
1403715407.162143 -0.953433505 2.339235568 1.318596179
1403715407.262143 -0.923948996 2.336393804 1.304075775
1403715407.412143 -0.874007604 2.322643151 1.287260986
1403715407.512143 -0.835490939 2.304752967 1.280687117
1403715407.612143 -0.793207634 2.280770893 1.276533655
1403715407.762143 -0.724211260 2.236841175 1.277477480
1403715407.862143 -0.673771534 2.205278614 1.280234333
1403715407.962143 -0.619781392 2.173830875 1.284773925
1403715408.062143 -0.563058415 2.142641221 1.298107007
1403715408.162143 -0.504459650 2.111786285 1.323811464
1403715410.812143 0.393866437 1.782229530 1.569092476
1403715412.762143 0.477737748 1.901842224 1.462088112
1403715413.912143 0.425410723 1.938776434 1.262586691
1403715414.112143 0.407617526 1.944819265 1.225235131
1403715414.262143 0.394989749 1.954638670 1.225392676
1403715414.662143 0.409040719 1.981699283 1.235964138
1403715414.862143 0.434563046 1.999048015 1.211501924
1403715415.062143 0.456969795 2.012457478 1.172772904
1403715415.162143 0.463973481 2.013592862 1.152171014
1403715415.362143 0.467848872 2.002750236 1.119009446
1403715415.562143 0.463745480 1.987724773 1.103336224
1403715415.762143 0.460852526 1.982966715 1.082317001
1403715416.162143 0.463440917 1.991611695 1.084806403
1403715416.562143 0.463775714 1.990848903 1.082183976
1403715417.012143 0.463794714 1.990719796 1.081169224
1403715417.412143 0.463843171 1.990590147 1.080898486
1403715417.812143 0.463844264 1.990630041 1.080806744
