0.875890 2.223228 0.915891 2.207222
0.909702 2.238114 0.946028 2.220764
0.922570 2.236084 0.955711 2.218020
0.971786 2.260236 1.007538 2.239252
1.061676 2.330390 1.096819 2.294646
1.159409 2.396665 1.189055 2.347859
1.280435 2.458770 1.295230 2.387199
1.438605 2.515074 1.432948 2.426637
1.634426 2.564111 1.610428 2.468321
1.795151 2.608216 1.753237 2.508587
1.928905 2.637993 1.873371 2.536110
2.024328 2.625328 1.968872 2.524956
2.097757 2.563114 2.037991 2.457375
2.147695 2.531038 2.072909 2.433108
2.115302 2.489374 2.030942 2.390541
1.993391 2.033148 1.901034 1.937700
1.995742 1.986791 1.900633 1.895745
1.981619 1.895770 1.868359 1.811935
1.828334 1.790191 1.702529 1.726125
1.682997 1.363510 1.556117 1.308387
1.657018 1.256188 1.531509 1.200194
1.455394 1.042470 1.318208 1.009713
0.666440 0.275401 0.640381 0.220899
0.141040 0.039593 0.180688 0.038076
0.361415 -0.624927 0.408067 -0.560814
0.640678 -0.482311 0.665277 -0.383609
-0.076118 -0.361188 -0.077748 -0.238417
-0.125307 -0.380102 -0.127222 -0.258951
-0.188716 -0.406247 -0.193277 -0.282844
-0.057581 -0.972270 0.001424 -0.908143
0.260085 -1.075778 0.318408 -0.997233
0.711160 -1.885983 0.771544 -1.818821
0.933044 -1.913888 0.981316 -1.853672
1.133475 -1.222844 1.117358 -1.230856
1.199874 -1.145426 1.169086 -1.156267
1.189244 -1.111594 1.141316 -1.125073
1.154072 -1.146986 1.090676 -1.156677
1.148094 -1.241688 1.073557 -1.254970
1.458050 -1.906240 1.353467 -1.893659
1.555776 -2.004851 1.445156 -1.982584
1.658570 -2.067672 1.540290 -2.031913
1.636124 -2.019407 1.513581 -1.982075
1.591285 -1.964084 1.464988 -1.929451
1.297912 -1.590428 1.165003 -1.529236
1.116725 -1.446559 0.982780 -1.390175
0.665688 -1.429047 0.537351 -1.383562
0.571078 -1.491020 0.457512 -1.446033
0.621076 -1.421608 0.511937 -1.380180
0.622408 -1.355334 0.510807 -1.312720
0.582311 -1.222571 0.461675 -1.180672
0.620407 -0.945211 0.509010 -0.906064
0.589595 -0.749870 0.474541 -0.713805
0.493357 -0.545554 0.380634 -0.525577
0.410024 -0.366801 0.296029 -0.355936
0.398523 -0.222987 0.296167 -0.218549
0.476911 -0.038758 0.394698 -0.070874
0.467292 -0.039020 0.396087 -0.078082
0.403701 -0.013104 0.340442 -0.054169
0.240269 0.030392 0.178274 -0.012977
-0.917896 -0.061109 -0.931006 -0.109863
-1.088477 -0.100857 -1.098755 -0.149437
-1.261714 -0.171131 -1.265797 -0.219408
-1.737380 -0.552936 -1.712726 -0.593402
-1.783621 -0.606527 -1.757449 -0.648111
-1.844509 -0.707709 -1.807911 -0.742916
-1.891767 -0.814133 -1.846861 -0.847268
-1.952996 -0.979973 -1.907865 -1.012636
-2.029681 -1.173997 -1.973701 -1.199607
-2.261465 -1.717115 -2.190922 -1.726034
-2.264591 -1.859808 -2.190825 -1.863935
-2.180937 -1.934154 -2.085668 -1.916418
-2.041566 -2.005374 -1.943174 -1.978608
-1.799443 -2.218778 -1.712854 -2.201005
-1.674362 -2.262790 -1.588513 -2.233389
-1.544296 -2.303218 -1.455462 -2.270941
-1.370779 -2.344857 -1.273785 -2.303757
-1.147261 -2.376653 -1.055817 -2.334378
-0.922767 -2.397874 -0.837300 -2.357970
-0.453560 -2.269933 -0.370759 -2.222439
0.276729 -0.627316 0.317919 -0.611568
0.717525 -0.220620 0.763226 -0.168337
0.743082 -0.369186 0.783902 -0.302074
1.044512 -0.188541 1.082041 -0.107625
1.233392 0.560678 1.249309 0.641155
1.234279 0.685411 1.241697 0.763249
1.267933 0.730202 1.276668 0.807951
1.427771 0.813324 1.419965 0.908086
1.500756 0.862978 1.493841 0.955231
1.607342 1.252081 1.575493 1.348537
1.668893 1.424595 1.635063 1.518384
1.661564 1.653898 1.618690 1.741382
1.597395 1.874550 1.547333 1.964820
1.326138 2.408033 1.264648 2.489871
1.199703 2.508199 1.137598 2.583303
1.120852 2.547569 1.058451 2.618271
1.006582 2.591779 0.946030 2.660507
0.960147 2.610337 0.901877 2.676234
0.882930 2.649411 0.858137 2.701688
0.821479 2.720281 0.823986 2.744666
0.795906 2.773528 0.801715 2.789605
0.778755 2.832123 0.790268 2.838316
0.758671 3.099801 0.775267 3.066795
0.763647 3.253457 0.780875 3.212893
0.783949 3.356512 0.795806 3.287850
0.761674 3.176875 0.756591 3.070658
0.687293 3.043873 0.679130 2.933844
0.625644 2.944338 0.615576 2.834108
0.570275 2.888710 0.552758 2.778752
0.086257 2.693449 0.067386 2.586075
-0.208440 2.332661 -0.214254 2.226529
-0.682333 1.531707 -0.674382 1.442169
-1.021502 0.772591 -0.973286 0.714779
-1.023574 0.564467 -0.970874 0.509640
-0.564626 -0.840084 -0.501276 -0.856811
-0.249736 -1.606101 -0.178015 -1.583787
0.809664 -1.651924 0.864637 -1.600073
0.911348 -1.494439 0.961206 -1.442351
0.920276 -1.410567 0.965774 -1.358521
0.910461 -1.318213 0.956463 -1.263990
0.617712 -0.592356 0.655633 -0.554406
0.672113 -0.093170 0.717535 -0.067431
0.766708 0.441665 0.803246 0.461839
0.731090 1.490396 0.755710 1.471324
1.430970 2.546115 1.406732 2.457379
1.373811 2.062412 1.312341 1.969202
0.242829 1.498817 0.206627 1.406947
-0.153167 1.200071 -0.178942 1.113314
-0.378965 1.008996 -0.388365 0.929823
-0.613681 0.593665 -0.588218 0.532105
-0.338422 -0.531922 -0.291943 -0.557237
-0.183044 -0.940361 -0.123478 -0.949913
-0.001698 -1.403793 0.066721 -1.373822
0.059045 -1.514768 0.130593 -1.467101
0.126276 -1.612097 0.191474 -1.532311
0.170648 -1.655646 0.228475 -1.549268
0.121105 -1.655781 0.132306 -1.511495
0.034723 -1.598152 0.025825 -1.446758
-0.052762 -1.509332 -0.075329 -1.358179
-0.106592 -1.400688 -0.121668 -1.248953
-0.187428 -1.239011 -0.210656 -1.096912
-0.230334 -1.065618 -0.260774 -0.925112
-0.065541 -0.411800 -0.087788 -0.271749
-0.070378 -0.384892 -0.098056 -0.250119
-0.299442 -0.563435 -0.323284 -0.441256
-0.584054 -0.585434 -0.584767 -0.463731
-0.804335 -0.543836 -0.794417 -0.428228
-0.982167 -0.474147 -0.964891 -0.363928
-1.131739 -0.366455 -1.104540 -0.262632
-1.250266 -0.220813 -1.219198 -0.114917
-1.323512 -0.089999 -1.289778 0.017606
-1.400673 0.102072 -1.358194 0.203929
-1.440959 0.213575 -1.393763 0.315403
-1.500933 0.340941 -1.443452 0.428925
-1.647685 0.516936 -1.591975 0.595774
-1.727056 0.598692 -1.675179 0.671087
-1.822718 0.769371 -1.760616 0.833911
-1.833845 0.868898 -1.768181 0.925305
-1.803999 1.032516 -1.731072 1.075280
-1.756915 1.149832 -1.675278 1.180867
-1.671154 1.343215 -1.586281 1.363106
-1.572294 1.629904 -1.495020 1.645012
-1.515671 1.833231 -1.440281 1.833743
-1.443437 2.043051 -1.372971 2.008024
-1.397757 2.126952 -1.331981 2.076222
-1.310430 2.240071 -1.249711 2.172441
-1.226940 2.326351 -1.174412 2.245875
-1.124740 2.403467 -1.084648 2.312517
-1.039895 2.438049 -1.011229 2.335806
-0.972094 2.447468 -0.953434 2.339236
-0.937247 2.444358 -0.923949 2.336394
-0.881088 2.430851 -0.874008 2.322643
-0.841346 2.414386 -0.835491 2.304753
-0.798975 2.392051 -0.793208 2.280771
-0.727516 2.350613 -0.724211 2.236841
-0.677084 2.319662 -0.673772 2.205279
-0.624022 2.287413 -0.619781 2.173831
-0.567219 2.254668 -0.563058 2.142641
-0.507761 2.222466 -0.504460 2.111786
0.365463 1.847606 0.393866 1.782230
0.456395 1.962625 0.477738 1.901842
0.402453 2.001430 0.425411 1.938776
0.384836 2.008133 0.407618 1.944819
0.375016 2.016102 0.394990 1.954639
0.385587 2.044523 0.409041 1.981699
0.408663 2.059923 0.434563 1.999048
0.429860 2.071129 0.456970 2.012457
0.436402 2.071812 0.463973 2.013593
0.442624 2.066864 0.467849 2.002750
0.441962 2.057556 0.463745 1.987725
0.439178 2.053624 0.460853 1.982967
0.442474 2.063091 0.463441 1.991612
0.442925 2.062218 0.463776 1.990849
0.442989 2.061379 0.463795 1.990720
0.442585 2.061449 0.463843 1.990590
0.442428 2.061370 0.463844 1.990630
